
     Program PWSCF v.6.5 starts on  5Aug2020 at 19:36:30 

     This program is part of the open-source Quantum ESPRESSO suite
     for quantum simulation of materials; please cite
         "P. Giannozzi et al., J. Phys.:Condens. Matter 21 395502 (2009);
         "P. Giannozzi et al., J. Phys.:Condens. Matter 29 465901 (2017);
          URL http://www.quantum-espresso.org", 
     in publications or presentations arising from this work. More details at
     http://www.quantum-espresso.org/quote

     Parallel version (MPI), running on    16 processors

     MPI processes distributed on     1 nodes
     R & G space division:  proc/nbgrp/npool/nimage =      16
     Waiting for input...
     Reading input from standard input

     Current dimensions of program PWSCF are:
     Max number of different atomic species (ntypx) = 10
     Max number of k-points (npk) =  40000
     Max angular momentum in pseudopotentials (lmaxx) =  3
     Message from routine read_upf::
     Pseudo file Cd.pbesol-dn-rrkjus_psl.0.3.1.UPF has been fixed on the fly.
To avoid this message in the future, permanently fix 
 your pseudo files following these instructions: 
https://gitlab.com/QEF/q-e/blob/master/upftools/how_to_fix_upf.md
               file Cd.pbesol-dn-rrkjus_psl.0.3.1.UPF: wavefunction(s)  4D renormalized

     Subspace diagonalization in iterative solution of the eigenvalue problem:
     a serial algorithm will be used

 
     Parallelization info
     --------------------
     sticks:   dense  smooth     PW     G-vecs:    dense   smooth      PW
     Min         169     169     46                 6599     6599     962
     Max         170     170     47                 6602     6602     965
     Sum        2709    2709    749               105591   105591   15419
 


     bravais-lattice index     =            1
     lattice parameter (alat)  =      11.0001  a.u.
     unit-cell volume          =    1331.0348 (a.u.)^3
     number of atoms/cell      =            8
     number of atomic types    =            2
     number of electrons       =        72.00
     number of Kohn-Sham states=           43
     kinetic-energy cutoff     =      70.0000  Ry
     charge density cutoff     =     280.0000  Ry
     convergence threshold     =      1.0E-06
     mixing beta               =       0.7000
     number of iterations used =            8  plain     mixing
     Exchange-correlation= SLA  PW   PSX  PSC
                           (   1   4  10   8   0   0   0)
     nstep                     =         2000


     celldm(1)=  11.000096  celldm(2)=   0.000000  celldm(3)=   0.000000
     celldm(4)=   0.000000  celldm(5)=   0.000000  celldm(6)=   0.000000

     crystal axes: (cart. coord. in units of alat)
               a(1) = (   1.000000   0.000000   0.000000 )  
               a(2) = (   0.000000   1.000000   0.000000 )  
               a(3) = (   0.000000   0.000000   1.000000 )  

     reciprocal axes: (cart. coord. in units 2 pi/alat)
               b(1) = (  1.000000  0.000000  0.000000 )  
               b(2) = (  0.000000  1.000000  0.000000 )  
               b(3) = (  0.000000  0.000000  1.000000 )  


     PseudoPot. # 1 for Cd read from file:
     ./Cd.pbesol-dn-rrkjus_psl.0.3.1.UPF
     MD5 check sum: 75c3aef906f21f7061977001f0aeeab1
     Pseudo is Ultrasoft + core correction, Zval = 12.0
     Generated using "atomic" code by A. Dal Corso v.6.0 svn rev. 13079
     Using radial grid of 1239 points,  6 beta functions with: 
                l(1) =   0
                l(2) =   0
                l(3) =   1
                l(4) =   1
                l(5) =   2
                l(6) =   2
     Q(r) pseudized with 0 coefficients 


     PseudoPot. # 2 for S  read from file:
     ./s_pbesol_v1.4.uspp.F.UPF
     MD5 check sum: 0ccfa86ec6eb59065d10aaae963ef2a7
     Pseudo is Ultrasoft + core correction, Zval =  6.0
     Generated by new atomic code, or converted to UPF format
     Using radial grid of  907 points,  6 beta functions with: 
                l(1) =   0
                l(2) =   0
                l(3) =   1
                l(4) =   1
                l(5) =   2
                l(6) =   2
     Q(r) pseudized with  8 coefficients,  rinner =    1.300   1.300   1.300
                                                       1.300   1.300

     atomic species   valence    mass     pseudopotential
        Cd            12.00   112.41100     Cd( 1.00)
        S              6.00    32.06600     S ( 1.00)

      cell mass =  43.91574 AMU 

     No symmetry found



   Cartesian axes

     site n.     atom                  positions (alat units)
         1           Cd  tau(   1) = (   0.0000000   0.0000000   0.0000000  )
         2           Cd  tau(   2) = (   0.0000000   0.5102932   0.5102932  )
         3           Cd  tau(   3) = (   0.5102932   0.0000000   0.5102932  )
         4           Cd  tau(   4) = (   0.5102932   0.5102932   0.0000000  )
         5           S   tau(   5) = (   0.2551467   0.2551467   0.7654400  )
         6           S   tau(   6) = (   0.2551467   0.7654400   0.2551467  )
         7           S   tau(   7) = (   0.7654400   0.2551467   0.2551467  )
         8           S   tau(   8) = (   0.7654400   0.7654400   0.7654400  )

     number of k points=   256  Gaussian smearing, width (Ry)=  0.0100

     Number of k-points >= 100: set verbosity='high' to print them.

     Dense  grid:   105591 G-vectors     FFT dimensions: (  60,  60,  60)

     Estimated max dynamical RAM per process >     174.79 MB

     Estimated total dynamical RAM >       2.73 GB

     Initial potential from superposition of free atoms

     starting charge   71.98205, renormalised to   72.00000
     Starting wfcs are   52 randomized atomic wfcs

     total cpu time spent up to now is       37.5 secs

     Self-consistent Calculation

     iteration #  1     ecut=    70.00 Ry     beta= 0.70
     Davidson diagonalization with overlap
     ethr =  1.00E-02,  avg # of iterations =  3.2

     Threshold (ethr) on eigenvalues was too large:
     Diagonalizing with lowered threshold

     Davidson diagonalization with overlap
     ethr =  4.22E-04,  avg # of iterations =  2.7

     total cpu time spent up to now is      226.1 secs

     total energy              =    -582.78219537 Ry
     Harris-Foulkes estimate   =    -582.96298884 Ry
     estimated scf accuracy    <       0.29251998 Ry

     iteration #  2     ecut=    70.00 Ry     beta= 0.70
     Davidson diagonalization with overlap
     ethr =  4.06E-04,  avg # of iterations =  3.8

     total cpu time spent up to now is      354.2 secs

     total energy              =    -582.85678875 Ry
     Harris-Foulkes estimate   =    -582.90785319 Ry
     estimated scf accuracy    <       0.08719225 Ry

     iteration #  3     ecut=    70.00 Ry     beta= 0.70
     Davidson diagonalization with overlap
     ethr =  1.21E-04,  avg # of iterations =  3.1

     total cpu time spent up to now is      464.1 secs

     total energy              =    -582.87649499 Ry
     Harris-Foulkes estimate   =    -582.87855845 Ry
     estimated scf accuracy    <       0.00379521 Ry

     iteration #  4     ecut=    70.00 Ry     beta= 0.70
     Davidson diagonalization with overlap
     ethr =  5.27E-06,  avg # of iterations =  6.5

     total cpu time spent up to now is      641.6 secs

     total energy              =    -582.87800936 Ry
     Harris-Foulkes estimate   =    -582.87880688 Ry
     estimated scf accuracy    <       0.00178669 Ry

     iteration #  5     ecut=    70.00 Ry     beta= 0.70
     Davidson diagonalization with overlap
     ethr =  2.48E-06,  avg # of iterations =  2.1

     total cpu time spent up to now is      735.0 secs

     total energy              =    -582.87828415 Ry
     Harris-Foulkes estimate   =    -582.87830386 Ry
     estimated scf accuracy    <       0.00004587 Ry

     iteration #  6     ecut=    70.00 Ry     beta= 0.70
     Davidson diagonalization with overlap
     ethr =  6.37E-08,  avg # of iterations =  3.6

     total cpu time spent up to now is      870.1 secs

     total energy              =    -582.87831070 Ry
     Harris-Foulkes estimate   =    -582.87831233 Ry
     estimated scf accuracy    <       0.00000426 Ry

     iteration #  7     ecut=    70.00 Ry     beta= 0.70
     Davidson diagonalization with overlap
     ethr =  5.92E-09,  avg # of iterations =  2.7

     total cpu time spent up to now is      981.1 secs

     End of self-consistent calculation

     Number of k-points >= 100: set verbosity='high' to print the bands.

     the Fermi energy is     6.0378 ev

!    total energy              =    -582.87831135 Ry
     Harris-Foulkes estimate   =    -582.87831192 Ry
     estimated scf accuracy    <       0.00000078 Ry

     convergence has been achieved in   7 iterations

     Forces acting on atoms (cartesian axes, Ry/au):

     atom    1 type  1   force =     0.02301395    0.02300764    0.02301067
     atom    2 type  1   force =     0.01466967   -0.00434101   -0.00434139
     atom    3 type  1   force =    -0.00434470    0.01466925   -0.00434473
     atom    4 type  1   force =    -0.00434482   -0.00434334    0.01467011
     atom    5 type  2   force =     0.00546740    0.00546861   -0.01548449
     atom    6 type  2   force =     0.00546763   -0.01548458    0.00546771
     atom    7 type  2   force =    -0.01548373    0.00546802    0.00546740
     atom    8 type  2   force =    -0.02444540   -0.02444459   -0.02444527

     Total force =     0.070983     Total SCF correction =     0.001997


     Computing stress (Cartesian axis) and pressure

          total   stress  (Ry/bohr**3)                   (kbar)     P=        4.91
   0.00003338   0.00005509   0.00005510            4.91        8.10        8.10
   0.00005509   0.00003338   0.00005510            8.10        4.91        8.11
   0.00005510   0.00005510   0.00003338            8.10        8.11        4.91


     Entering Dynamics;  it =     1   time =  0.00000 pico-seconds

  new lattice vectors (alat unit) :
   0.999994234   0.000000984   0.000001071
   0.000000984   0.999994084   0.000001164
   0.000001071   0.000001164   0.999994273
  new unit-cell volume =   1331.0116 (a.u.)^3
  new positions in cryst coord
Cd      -0.000279278   0.000051320  -0.000124608
Cd       0.000061906   0.510292319   0.510522888
Cd       0.510511975  -0.000150346   0.510132874
Cd       0.510293726   0.510395036   0.000057176
S        0.255171681   0.255123133   0.765325383
S        0.255226443   0.765283020   0.254888651
S        0.765321489   0.255286100   0.255516398
S        0.765447302   0.765474663   0.765436483
  new positions in cart coord (alat unit)
Cd      -0.000279276   0.000051320  -0.000124608
Cd       0.000062954   0.510289895   0.510520558
Cd       0.510509578  -0.000149249   0.510130499
Cd       0.510291286   0.510392519   0.000058316
S        0.255171281   0.255122766   0.765321570
S        0.255225997   0.765279041   0.254888355
S        0.765317601   0.255285640   0.255516051
S        0.765444461   0.765471779   0.765433810

     Ekin =     0.01995094 Ry    T =    0.0 K  Etot =  -582.40595081
     new unit-cell volume =   1331.01161 a.u.^3 (   197.23557 Ang^3 )
     density =      4.86544 g/cm^3

CELL_PARAMETERS (alat= 11.00009582)
   0.999994234   0.000000984   0.000001071
   0.000000984   0.999994084   0.000001164
   0.000001071   0.000001164   0.999994273

ATOMIC_POSITIONS (angstrom)
Cd           -0.0016256670        0.0002987320       -0.0007253414
Cd            0.0003664564        2.9703974770        2.9717401677
Cd            2.9716762534       -0.0008687781        2.9694696327
Cd            2.9704055757        2.9709948509        0.0003394584
S             1.4853520259        1.4850696196        4.4549368605
S             1.4856705313        4.4546892972        1.4837051160
S             4.4549137579        1.4860177109        1.4873589347
S             4.4556522094        4.4558112267        4.4555902100



     Writing output data file ./outdir_1bar_/pwscf.save/
     NEW-OLD atomic charge density approx. for the potential
     extrapolated charge   71.99875, renormalised to   72.00000

     total cpu time spent up to now is     1044.9 secs

     Self-consistent Calculation

     iteration #  1     ecut=    70.00 Ry     beta= 0.70
     Davidson diagonalization with overlap
     ethr =  1.00E-06,  avg # of iterations =  3.0

     Threshold (ethr) on eigenvalues was too large:
     Diagonalizing with lowered threshold

     Davidson diagonalization with overlap
     ethr =  5.50E-09,  avg # of iterations =  3.0

     total cpu time spent up to now is     1307.5 secs

     total energy              =    -582.87826758 Ry
     Harris-Foulkes estimate   =    -582.88151032 Ry
     estimated scf accuracy    <       0.00000387 Ry

     iteration #  2     ecut=    70.00 Ry     beta= 0.70
     Davidson diagonalization with overlap
     ethr =  5.38E-09,  avg # of iterations =  2.9

     total cpu time spent up to now is     1418.0 secs

     total energy              =    -582.87826841 Ry
     Harris-Foulkes estimate   =    -582.87826983 Ry
     estimated scf accuracy    <       0.00000258 Ry

     iteration #  3     ecut=    70.00 Ry     beta= 0.70
     Davidson diagonalization with overlap
     ethr =  3.58E-09,  avg # of iterations =  2.0

     total cpu time spent up to now is     1506.6 secs

     End of self-consistent calculation

     Number of k-points >= 100: set verbosity='high' to print the bands.

     the Fermi energy is     6.0379 ev

!    total energy              =    -582.87826898 Ry
     Harris-Foulkes estimate   =    -582.87826909 Ry
     estimated scf accuracy    <       0.00000014 Ry

     convergence has been achieved in   3 iterations

     Forces acting on atoms (cartesian axes, Ry/au):

     atom    1 type  1   force =     0.02386761    0.02396735    0.02414519
     atom    2 type  1   force =     0.01521069   -0.00456623   -0.00513606
     atom    3 type  1   force =    -0.00544199    0.01503266   -0.00473436
     atom    4 type  1   force =    -0.00458770   -0.00527313    0.01482940
     atom    5 type  2   force =     0.00566102    0.00532039   -0.01526361
     atom    6 type  2   force =     0.00513754   -0.01510611    0.00582986
     atom    7 type  2   force =    -0.01521399    0.00535320    0.00486665
     atom    8 type  2   force =    -0.02463319   -0.02472814   -0.02453708

     Total force =     0.072378     Total SCF correction =     0.000774


     Computing stress (Cartesian axis) and pressure

          total   stress  (Ry/bohr**3)                   (kbar)     P=        4.10
   0.00002780   0.00005528   0.00005524            4.09        8.13        8.13
   0.00005528   0.00002792   0.00005530            8.13        4.11        8.13
   0.00005524   0.00005530   0.00002793            8.13        8.13        4.11


     Entering Dynamics;  it =     2   time =  0.00050 pico-seconds

  new lattice vectors (alat unit) :
   0.999979652   0.000003448   0.000003748
   0.000003448   0.999979135   0.000004080
   0.000003748   0.000004080   0.999979795
  new unit-cell volume =   1330.9530 (a.u.)^3
  new positions in cryst coord
Cd      -0.000556299   0.000104915  -0.000246930
Cd       0.000125253   0.510290956   0.510752045
Cd       0.510730192  -0.000299271   0.509972047
Cd       0.510293768   0.510496325   0.000115758
S        0.255198535   0.255101324   0.765205734
S        0.255307886   0.765121060   0.254632524
S        0.765197961   0.255427270   0.255887710
S        0.765446460   0.765501152   0.765424855
  new positions in cart coord (alat unit)
Cd      -0.000556288   0.000104910  -0.000246926
Cd       0.000128924   0.510282393   0.510743807
Cd       0.510721710  -0.000295423   0.509963656
Cd       0.510285145   0.510487433   0.000119751
S        0.255197090   0.255100003   0.765192270
S        0.255306283   0.765107015   0.254631458
S        0.765184231   0.255425623   0.255886450
S        0.765436394   0.765490942   0.765415382

     Ekin =     0.01990969 Ry    T =  232.9 K  Etot =  -582.40595756
     new unit-cell volume =   1330.95304 a.u.^3 (   197.22689 Ang^3 )
     density =      4.86566 g/cm^3

CELL_PARAMETERS (alat= 11.00009582)
   0.999979652   0.000003448   0.000003748
   0.000003448   0.999979135   0.000004080
   0.000003748   0.000004080   0.999979795

ATOMIC_POSITIONS (angstrom)
Cd           -0.0032381524        0.0006106805       -0.0014373574
Cd            0.0007504695        2.9703538102        2.9730397017
Cd            2.9729110762       -0.0017196547        2.9684984396
Cd            2.9703698309        2.9715473498        0.0006970728
S             1.4855022596        1.4849371180        4.4541842034
S             1.4861378758        4.4536879354        1.4822097160
S             4.4541374066        1.4868325486        1.4895150258
S             4.4556052471        4.4559227762        4.4554829380



     Writing output data file ./outdir_1bar_/pwscf.save/
     NEW-OLD atomic charge density approx. for the potential
     extrapolated charge   71.99683, renormalised to   72.00000

     total cpu time spent up to now is     1574.3 secs

     Self-consistent Calculation

     iteration #  1     ecut=    70.00 Ry     beta= 0.70
     Davidson diagonalization with overlap
     ethr =  1.00E-06,  avg # of iterations =  3.0

     Threshold (ethr) on eigenvalues was too large:
     Diagonalizing with lowered threshold

     Davidson diagonalization with overlap
     ethr =  4.68E-09,  avg # of iterations =  3.0

     total cpu time spent up to now is     1826.2 secs

     total energy              =    -582.87822780 Ry
     Harris-Foulkes estimate   =    -582.88642138 Ry
     estimated scf accuracy    <       0.00000318 Ry

     iteration #  2     ecut=    70.00 Ry     beta= 0.70
     Davidson diagonalization with overlap
     ethr =  4.42E-09,  avg # of iterations =  3.0

     total cpu time spent up to now is     1956.4 secs

     total energy              =    -582.87822901 Ry
     Harris-Foulkes estimate   =    -582.87823101 Ry
     estimated scf accuracy    <       0.00000404 Ry

     iteration #  3     ecut=    70.00 Ry     beta= 0.70
     Davidson diagonalization with overlap
     ethr =  4.42E-09,  avg # of iterations =  2.1

     total cpu time spent up to now is     2051.1 secs

     End of self-consistent calculation

     Number of k-points >= 100: set verbosity='high' to print the bands.

     the Fermi energy is     6.0390 ev

!    total energy              =    -582.87822963 Ry
     Harris-Foulkes estimate   =    -582.87822971 Ry
     estimated scf accuracy    <       0.00000012 Ry

     convergence has been achieved in   3 iterations

     Forces acting on atoms (cartesian axes, Ry/au):

     atom    1 type  1   force =     0.02395804    0.02397187    0.02409948
     atom    2 type  1   force =     0.01518637   -0.00442290   -0.00486314
     atom    3 type  1   force =    -0.00536903    0.01483328   -0.00454910
     atom    4 type  1   force =    -0.00464553   -0.00506280    0.01458950
     atom    5 type  2   force =     0.00584857    0.00513857   -0.01501441
     atom    6 type  2   force =     0.00474511   -0.01467157    0.00617898
     atom    7 type  2   force =    -0.01489224    0.00522269    0.00419714
     atom    8 type  2   force =    -0.02483130   -0.02500914   -0.02463845

     Total force =     0.072185     Total SCF correction =     0.000926


     Computing stress (Cartesian axis) and pressure

          total   stress  (Ry/bohr**3)                   (kbar)     P=        3.59
   0.00002427   0.00005554   0.00005543            3.57        8.17        8.15
   0.00005554   0.00002453   0.00005553            8.17        3.61        8.17
   0.00005543   0.00005553   0.00002450            8.15        8.17        3.60


     Entering Dynamics;  it =     3   time =  0.00100 pico-seconds

  new lattice vectors (alat unit) :
   0.999956150   0.000007397   0.000008034
   0.000007397   0.999955054   0.000008756
   0.000008034   0.000008756   0.999956465
  new unit-cell volume =   1330.8587 (a.u.)^3
  new positions in cryst coord
Cd      -0.000831059   0.000160786  -0.000366970
Cd       0.000190041   0.510289171   0.510980749
Cd       0.510947910  -0.000446795   0.509810782
Cd       0.510293369   0.510597138   0.000175724
S        0.255227333   0.255081221   0.765081091
S        0.255390911   0.764954220   0.254378441
S        0.765069476   0.255570178   0.256260430
S        0.765437368   0.765519332   0.765405040
  new positions in cart coord (alat unit)
Cd      -0.000831024   0.000160770  -0.000366959
Cd       0.000197912   0.510270711   0.510962973
Cd       0.510929598  -0.000438532   0.509792688
Cd       0.510274770   0.510577964   0.000184287
S        0.255224175   0.255078343   0.765052067
S        0.255387414   0.764923955   0.254376116
S        0.765039876   0.255566594   0.256257659
S        0.765415615   0.765497289   0.765384570

     Ekin =     0.01988687 Ry    T =  232.7 K  Etot =  -582.40596094
     new unit-cell volume =   1330.85865 a.u.^3 (   197.21290 Ang^3 )
     density =      4.86600 g/cm^3

CELL_PARAMETERS (alat= 11.00009582)
   0.999956150   0.000007397   0.000008034
   0.000007397   0.999955054   0.000008756
   0.000008034   0.000008756   0.999956465

ATOMIC_POSITIONS (angstrom)
Cd           -0.0048373925        0.0009358414       -0.0021360690
Cd            0.0011520485        2.9702858088        2.9743154640
Cd            2.9741211873       -0.0025526931        2.9675032396
Cd            2.9703094389        2.9720743312        0.0010727364
S             1.4856599227        1.4848110372        4.4533680828
S             1.4866101391        4.4526223402        1.4807233733
S             4.4532971210        1.4876531457        1.4916758302
S             4.4554842956        4.4559597204        4.4553035823



     Writing output data file ./outdir_1bar_/pwscf.save/
     NEW-OLD atomic charge density approx. for the potential
     extrapolated charge   71.99490, renormalised to   72.00000

     total cpu time spent up to now is     2122.5 secs

     Self-consistent Calculation

     iteration #  1     ecut=    70.00 Ry     beta= 0.70
     Davidson diagonalization with overlap
     ethr =  1.00E-06,  avg # of iterations =  3.0

     Threshold (ethr) on eigenvalues was too large:
     Diagonalizing with lowered threshold

     Davidson diagonalization with overlap
     ethr =  7.48E-09,  avg # of iterations =  3.0

     total cpu time spent up to now is     2364.6 secs

     total energy              =    -582.87818956 Ry
     Harris-Foulkes estimate   =    -582.89139327 Ry
     estimated scf accuracy    <       0.00000503 Ry

     iteration #  2     ecut=    70.00 Ry     beta= 0.70
     Davidson diagonalization with overlap
     ethr =  6.99E-09,  avg # of iterations =  3.0

     total cpu time spent up to now is     2498.4 secs

     total energy              =    -582.87819252 Ry
     Harris-Foulkes estimate   =    -582.87819676 Ry
     estimated scf accuracy    <       0.00000915 Ry

     iteration #  3     ecut=    70.00 Ry     beta= 0.70
     Davidson diagonalization with overlap
     ethr =  6.99E-09,  avg # of iterations =  2.0

     total cpu time spent up to now is     2592.5 secs

     End of self-consistent calculation

     Number of k-points >= 100: set verbosity='high' to print the bands.

     the Fermi energy is     6.0402 ev

!    total energy              =    -582.87819336 Ry
     Harris-Foulkes estimate   =    -582.87819377 Ry
     estimated scf accuracy    <       0.00000048 Ry

     convergence has been achieved in   3 iterations

     Forces acting on atoms (cartesian axes, Ry/au):

     atom    1 type  1   force =     0.02433041    0.02435947    0.02454335
     atom    2 type  1   force =     0.01538501   -0.00439642   -0.00506162
     atom    3 type  1   force =    -0.00580264    0.01484825   -0.00460054
     atom    4 type  1   force =    -0.00472364   -0.00535253    0.01449203
     atom    5 type  2   force =     0.00596905    0.00490919   -0.01470575
     atom    6 type  2   force =     0.00432191   -0.01418675    0.00646615
     atom    7 type  2   force =    -0.01453051    0.00504219    0.00351861
     atom    8 type  2   force =    -0.02494958   -0.02522340   -0.02465224

     Total force =     0.072517     Total SCF correction =     0.001361


     Computing stress (Cartesian axis) and pressure

          total   stress  (Ry/bohr**3)                   (kbar)     P=        2.16
   0.00001441   0.00005574   0.00005560            2.12        8.20        8.18
   0.00005574   0.00001481   0.00005575            8.20        2.18        8.20
   0.00005560   0.00005575   0.00001475            8.18        8.20        2.17


     Entering Dynamics;  it =     4   time =  0.00150 pico-seconds

  new lattice vectors (alat unit) :
   0.999923436   0.000012835   0.000013930
   0.000012835   0.999921557   0.000015198
   0.000013930   0.000015198   0.999923998
  new unit-cell volume =   1330.7273 (a.u.)^3
  new positions in cryst coord
Cd      -0.001103528   0.000218974  -0.000484688
Cd       0.000256289   0.510286966   0.511208985
Cd       0.511165093  -0.000592921   0.509649072
Cd       0.510292520   0.510697448   0.000237067
S        0.255258118   0.255062750   0.764951555
S        0.255475382   0.764782658   0.254126494
S        0.764936150   0.255714768   0.256634341
S        0.765419985   0.765529133   0.765377032
  new positions in cart coord (alat unit)
Cd      -0.001103447   0.000218935  -0.000484664
Cd       0.000269939   0.510254710   0.511177891
Cd       0.511133048  -0.000578568   0.509617449
Cd       0.510260008   0.510663941   0.000251919
S        0.255252504   0.255057644   0.764900849
S        0.255469178   0.764729807   0.254122361
S        0.764884440   0.255708427   0.256629378
S        0.765381868   0.765490539   0.765341158

     Ekin =     0.01988401 Ry    T =  232.7 K  Etot =  -582.40595961
     new unit-cell volume =   1330.72732 a.u.^3 (   197.19344 Ang^3 )
     density =      4.86648 g/cm^3

CELL_PARAMETERS (alat= 11.00009582)
   0.999923436   0.000012835   0.000013930
   0.000012835   0.999921557   0.000015198
   0.000013930   0.000015198   0.999923998

ATOMIC_POSITIONS (angstrom)
Cd           -0.0064231667        0.0012744218       -0.0028212265
Cd            0.0015713177        2.9701926668        2.9755665037
Cd            2.9753054726       -0.0033678438        2.9664831691
Cd            2.9702235064        2.9725747983        0.0014664176
S             1.4858248255        1.4846905484        4.4524878416
S             1.4870860823        4.4514922075        1.4792462648
S             4.4523923254        1.4884787538        1.4938396068
S             4.4552878554        4.4559204265        4.4550508806



     Writing output data file ./outdir_1bar_/pwscf.save/
     NEW-OLD atomic charge density approx. for the potential
     extrapolated charge   71.99290, renormalised to   72.00000

     total cpu time spent up to now is     2662.1 secs

     Self-consistent Calculation

     iteration #  1     ecut=    70.00 Ry     beta= 0.70
     Davidson diagonalization with overlap
     ethr =  1.00E-06,  avg # of iterations =  3.0

     Threshold (ethr) on eigenvalues was too large:
     Diagonalizing with lowered threshold

     Davidson diagonalization with overlap
     ethr =  1.65E-08,  avg # of iterations =  2.1

     total cpu time spent up to now is     2888.1 secs

     total energy              =    -582.87815069 Ry
     Harris-Foulkes estimate   =    -582.89652962 Ry
     estimated scf accuracy    <       0.00001148 Ry

     iteration #  2     ecut=    70.00 Ry     beta= 0.70
     Davidson diagonalization with overlap
     ethr =  1.59E-08,  avg # of iterations =  3.0

     total cpu time spent up to now is     3029.1 secs

     total energy              =    -582.87815802 Ry
     Harris-Foulkes estimate   =    -582.87816881 Ry
     estimated scf accuracy    <       0.00002359 Ry

     iteration #  3     ecut=    70.00 Ry     beta= 0.70
     Davidson diagonalization with overlap
     ethr =  1.59E-08,  avg # of iterations =  2.0

     total cpu time spent up to now is     3126.9 secs

     total energy              =    -582.87816065 Ry
     Harris-Foulkes estimate   =    -582.87816117 Ry
     estimated scf accuracy    <       0.00000123 Ry

     iteration #  4     ecut=    70.00 Ry     beta= 0.70
     Davidson diagonalization with overlap
     ethr =  1.71E-09,  avg # of iterations =  3.0

     total cpu time spent up to now is     3245.9 secs

     End of self-consistent calculation

     Number of k-points >= 100: set verbosity='high' to print the bands.

     the Fermi energy is     6.0415 ev

!    total energy              =    -582.87816087 Ry
     Harris-Foulkes estimate   =    -582.87816096 Ry
     estimated scf accuracy    <       0.00000011 Ry

     convergence has been achieved in   4 iterations

     Forces acting on atoms (cartesian axes, Ry/au):

     atom    1 type  1   force =     0.02466583    0.02475947    0.02505306
     atom    2 type  1   force =     0.01552334   -0.00414699   -0.00532154
     atom    3 type  1   force =    -0.00641121    0.01475575   -0.00447731
     atom    4 type  1   force =    -0.00457628   -0.00579924    0.01417729
     atom    5 type  2   force =     0.00604869    0.00483482   -0.01450401
     atom    6 type  2   force =     0.00412276   -0.01389638    0.00670288
     atom    7 type  2   force =    -0.01430887    0.00490828    0.00306152
     atom    8 type  2   force =    -0.02506427   -0.02541570   -0.02469189

     Total force =     0.072921     Total SCF correction =     0.000452


     Computing stress (Cartesian axis) and pressure

          total   stress  (Ry/bohr**3)                   (kbar)     P=        3.43
   0.00002300   0.00005580   0.00005562            3.38        8.21        8.18
   0.00005580   0.00002354   0.00005583            8.21        3.46        8.21
   0.00005562   0.00005583   0.00002345            8.18        8.21        3.45


     Entering Dynamics;  it =     5   time =  0.00200 pico-seconds

  new lattice vectors (alat unit) :
   0.999881761   0.000019763   0.000021433
   0.000019763   0.999878900   0.000023409
   0.000021433   0.000023409   0.999882650
  new unit-cell volume =   1330.5601 (a.u.)^3
  new positions in cryst coord
Cd      -0.001373678   0.000279518  -0.000600038
Cd       0.000324009   0.510284364   0.511436733
Cd       0.511381689  -0.000737660   0.509486924
Cd       0.510291235   0.510797216   0.000299756
S        0.255290918   0.255045886   0.764817189
S        0.255561234   0.764606468   0.253876756
S        0.764798052   0.255860996   0.257009296
S        0.765394273   0.765530490   0.765340817
  new positions in cart coord (alat unit)
Cd      -0.001373523   0.000279443  -0.000599991
Cd       0.000345017   0.510234547   0.511388668
Cd       0.511332129  -0.000715537   0.509438079
Cd       0.510241000   0.510745450   0.000322615
S        0.255282165   0.255037949   0.764738879
S        0.255551569   0.764524868   0.253870340
S        0.764718188   0.255851142   0.257001516
S        0.765335305   0.765470827   0.765285329

     Ekin =     0.01989699 Ry    T =  232.7 K  Etot =  -582.40595878
     new unit-cell volume =   1330.56007 a.u.^3 (   197.16866 Ang^3 )
     density =      4.86710 g/cm^3

CELL_PARAMETERS (alat= 11.00009582)
   0.999881761   0.000019763   0.000021433
   0.000019763   0.999878900   0.000023409
   0.000021433   0.000023409   0.999882650

ATOMIC_POSITIONS (angstrom)
Cd           -0.0079952779        0.0016266359       -0.0034925451
Cd            0.0020083460        2.9700752975        2.9767934356
Cd            2.9764643210       -0.0041651417        2.9654390570
Cd            2.9701128619        2.9730492659        0.0018779416
S             1.4859974813        1.4845759019        4.4515450164
S             1.4875656826        4.4502992564        1.4777792474
S             4.4514245734        1.4893094972        1.4960058275
S             4.4550168129        4.4558056816        4.4547258987



     Writing output data file ./outdir_1bar_/pwscf.save/
     NEW-OLD atomic charge density approx. for the potential
     extrapolated charge   71.99095, renormalised to   72.00000

     total cpu time spent up to now is     3317.3 secs

     Self-consistent Calculation

     iteration #  1     ecut=    70.00 Ry     beta= 0.70
     Davidson diagonalization with overlap
     ethr =  1.00E-06,  avg # of iterations =  3.0

     Threshold (ethr) on eigenvalues was too large:
     Diagonalizing with lowered threshold

     Davidson diagonalization with overlap
     ethr =  1.38E-08,  avg # of iterations =  2.4

     total cpu time spent up to now is     3564.2 secs

     total energy              =    -582.87812063 Ry
     Harris-Foulkes estimate   =    -582.90152474 Ry
     estimated scf accuracy    <       0.00000948 Ry

     iteration #  2     ecut=    70.00 Ry     beta= 0.70
     Davidson diagonalization with overlap
     ethr =  1.32E-08,  avg # of iterations =  3.0

     total cpu time spent up to now is     3707.2 secs

     total energy              =    -582.87812919 Ry
     Harris-Foulkes estimate   =    -582.87814043 Ry
     estimated scf accuracy    <       0.00002674 Ry

     iteration #  3     ecut=    70.00 Ry     beta= 0.70
     Davidson diagonalization with overlap
     ethr =  1.32E-08,  avg # of iterations =  2.0

     total cpu time spent up to now is     3807.0 secs

     total energy              =    -582.87813109 Ry
     Harris-Foulkes estimate   =    -582.87813212 Ry
     estimated scf accuracy    <       0.00000237 Ry

     iteration #  4     ecut=    70.00 Ry     beta= 0.70
     Davidson diagonalization with overlap
     ethr =  3.30E-09,  avg # of iterations =  2.0

     total cpu time spent up to now is     3904.2 secs

     End of self-consistent calculation

     Number of k-points >= 100: set verbosity='high' to print the bands.

     the Fermi energy is     6.0431 ev

!    total energy              =    -582.87813134 Ry
     Harris-Foulkes estimate   =    -582.87813146 Ry
     estimated scf accuracy    <       0.00000014 Ry

     convergence has been achieved in   4 iterations

     Forces acting on atoms (cartesian axes, Ry/au):

     atom    1 type  1   force =     0.02499106    0.02510700    0.02546671
     atom    2 type  1   force =     0.01571411   -0.00417317   -0.00549061
     atom    3 type  1   force =    -0.00680854    0.01476041   -0.00454492
     atom    4 type  1   force =    -0.00468445   -0.00605813    0.01408234
     atom    5 type  2   force =     0.00617827    0.00463806   -0.01422411
     atom    6 type  2   force =     0.00372064   -0.01343264    0.00700380
     atom    7 type  2   force =    -0.01396097    0.00475004    0.00239308
     atom    8 type  2   force =    -0.02515012   -0.02559157   -0.02468629

     Total force =     0.073248     Total SCF correction =     0.000141


     Computing stress (Cartesian axis) and pressure

          total   stress  (Ry/bohr**3)                   (kbar)     P=        3.14
   0.00002097   0.00005587   0.00005564            3.08        8.22        8.19
   0.00005587   0.00002165   0.00005591            8.22        3.19        8.22
   0.00005564   0.00005591   0.00002151            8.19        8.22        3.16


     Entering Dynamics;  it =     6   time =  0.00250 pico-seconds

  new lattice vectors (alat unit) :
   0.999831063   0.000028181   0.000030540
   0.000028181   0.999827031   0.000033392
   0.000030540   0.000033392   0.999832364
  new unit-cell volume =   1330.3567 (a.u.)^3
  new positions in cryst coord
Cd      -0.001641484   0.000342453  -0.000712981
Cd       0.000393222   0.510281360   0.511663980
Cd       0.511597664  -0.000881013   0.509324330
Cd       0.510289504   0.510896417   0.000363784
S        0.255325776   0.255030564   0.764678084
S        0.255648338   0.764425801   0.253629325
S        0.764655294   0.256008811   0.257385080
S        0.765360201   0.765523344   0.765296397
  new positions in cart coord (alat unit)
Cd      -0.001641218   0.000342324  -0.000712900
Cd       0.000423163   0.510210194   0.511595258
Cd       0.511526767  -0.000849436   0.509254544
Cd       0.510217706   0.510822441   0.000396367
S        0.255313183   0.255019181   0.764566210
S        0.255634438   0.764309252   0.253620141
S        0.764541192   0.255994673   0.257373834
S        0.765275850   0.765438055   0.765217042

     Ekin =     0.01992533 Ry    T =  232.7 K  Etot =  -582.40595776
     new unit-cell volume =   1330.35668 a.u.^3 (   197.13852 Ang^3 )
     density =      4.86784 g/cm^3

CELL_PARAMETERS (alat= 11.00009582)
   0.999831063   0.000028181   0.000030540
   0.000028181   0.999827031   0.000033392
   0.000030540   0.000033392   0.999832364

ATOMIC_POSITIONS (angstrom)
Cd           -0.0095535324        0.0019926686       -0.0041497924
Cd            0.0024632303        2.9699335387        2.9779959963
Cd            2.9775973103       -0.0049445666        2.9643707004
Cd            2.9699772674        2.9734974278        0.0023072545
S             1.4861780361        1.4844666510        4.4505399059
S             1.4880480610        4.4490441576        1.4763228409
S             4.4503942759        1.4901449904        1.4981730887
S             4.4546707221        4.4556149201        4.4543283999



     Writing output data file ./outdir_1bar_/pwscf.save/
     NEW-OLD atomic charge density approx. for the potential
     extrapolated charge   71.98899, renormalised to   72.00000

     total cpu time spent up to now is     3968.6 secs

     Self-consistent Calculation

     iteration #  1     ecut=    70.00 Ry     beta= 0.70
     Davidson diagonalization with overlap
     ethr =  1.00E-06,  avg # of iterations =  3.0

     Threshold (ethr) on eigenvalues was too large:
     Diagonalizing with lowered threshold

     Davidson diagonalization with overlap
     ethr =  2.09E-08,  avg # of iterations =  2.0

     total cpu time spent up to now is     4190.6 secs

     total energy              =    -582.87808845 Ry
     Harris-Foulkes estimate   =    -582.90655608 Ry
     estimated scf accuracy    <       0.00001436 Ry

     iteration #  2     ecut=    70.00 Ry     beta= 0.70
     Davidson diagonalization with overlap
     ethr =  1.99E-08,  avg # of iterations =  3.0

     total cpu time spent up to now is     4324.1 secs

     total energy              =    -582.87810161 Ry
     Harris-Foulkes estimate   =    -582.87811897 Ry
     estimated scf accuracy    <       0.00004129 Ry

     iteration #  3     ecut=    70.00 Ry     beta= 0.70
     Davidson diagonalization with overlap
     ethr =  1.99E-08,  avg # of iterations =  2.0

     total cpu time spent up to now is     4420.2 secs

     total energy              =    -582.87810464 Ry
     Harris-Foulkes estimate   =    -582.87810614 Ry
     estimated scf accuracy    <       0.00000364 Ry

     iteration #  4     ecut=    70.00 Ry     beta= 0.70
     Davidson diagonalization with overlap
     ethr =  5.06E-09,  avg # of iterations =  2.0

     total cpu time spent up to now is     4517.5 secs

     End of self-consistent calculation

     Number of k-points >= 100: set verbosity='high' to print the bands.

     the Fermi energy is     6.0451 ev

!    total energy              =    -582.87810491 Ry
     Harris-Foulkes estimate   =    -582.87810516 Ry
     estimated scf accuracy    <       0.00000028 Ry

     convergence has been achieved in   4 iterations

     Forces acting on atoms (cartesian axes, Ry/au):

     atom    1 type  1   force =     0.02529608    0.02540361    0.02584061
     atom    2 type  1   force =     0.01586805   -0.00407733   -0.00568229
     atom    3 type  1   force =    -0.00727206    0.01471832   -0.00451740
     atom    4 type  1   force =    -0.00470116   -0.00636489    0.01389158
     atom    5 type  2   force =     0.00628851    0.00443902   -0.01392730
